8 8

0 0 0 0 0 0 0 0 0 0 0 0 0 0 0 0 
0 0 0 0 0 0 0 0 0 0 0 0 0 0 0 0 
0 0 0 0 0 0 0 0 0 0 0 0 0 0 0 0 
0 0 0 0 0 0 0 0 0 0 0 0 0 0 0 0 
0 0 0 0 0 0 0 0 0 0 0 0 0 0 0 0 
0 0 0 0 0 0 0 0 0 0 0 0 0 0 0 0 
0 0 0 0 0 0 0 0 0 0 0 0 0 0 0 0 
0 0 0 0 0 0 0 0 0 0 0 0 0 0 0 0 
1 0 0 0 0 0 0 0 0 0 0 0 0 0 0 0 
4 1 0 0 0 0 0 0 0 0 0 0 0 0 0 0 
8 4 1 0 0 0 0 0 0 0 0 0 0 0 0 0 
16 8 4 1 0 0 0 0 0 0 0 0 0 0 0 0 
32 16 8 4 1 0 0 0 0 0 0 0 0 0 0 0 
64 32 16 8 4 1 0 0 0 0 0 0 0 0 0 0 
128 64 32 16 8 4 1 0 0 0 0 0 0 0 0 0 
256 128 64 32 16 8 4 1 0 0 0 0 0 0 0 0 

0 0 0 0 0 0 0 0 5 25 125 625 3125 15625 78125 390625 

128 64 32 16 8 4 2 1 0 0 0 0 0 0 0 0



Rešitev je :

x1-x7 imajo vrednost 0, x8 ima vrednost 5^8.
